Pxm = 0.0625rem;
Pxw = 0.10416666666666vw;    // 1/960
Pxh = 0.10416666666666vh;    // 1/960
Ptw = 0.1vw;
Pth = 0.1vh;
